#Format: tax_id GeneID Symbol LocusTag Synonyms dbXrefs chromosome map_location description type_of_gene Symbol_from_nomenclature_authority Full_name_from_nomenclature_authority Nomenclature_status Other_designations Modification_date (tab is used as a separator, pound sign - start of a comment)
9258
9261
9267
9275
9280
9293
9301
9305
9310
9319
9333
9337
9354
9361
9365
9371
9375
9407
9417
9447
9460
9463
9465
9468
9470
9472
9477
9478
9483
9490
9493
9502
9507
9514
9515
9519
9521
9534
9538
9541
9544
9546
9555
9556
9557
9561
9565
9579
9580
9586
9589
9590
9593
9595
9597
9598
9600
9601
9606
9612
9614
9615
9627
9634
9636
9638
9642
9643
9644
9646
9649
9651
9654
9657
9659
9660
9662
9668
9669
9678
9685
9691
9694
9696
9704
9707
9708
9711
9713
9715
9718
9719
9720
9725
9731
9733
9735
9737
9739
9742
9755
9760
9764
9767
9768
9769
9770
9771
9773
9778
9783
9785
9791
9792
9793
9794
9796
9805
9807
9809
9813
9818
9823
9825
9829
9833
9837
9838
9840
9843
9844
9852
9858
9860
9865
9870
9872
9874
9883
9886
9888
9891
9897
9899
9901
9902
9906
9909
9913
9915
9917
9925
9927
9931
9940
9945
9946
9947
9958
9962
9966
9970
9978
9981
9983
9986
10029
10036
10068
10090
10091
10092
10115
10116
10117
10119
10120
10121
10122
10141
10160
10169
10181
10185
13557
13616
27591
27596
27602
27604
27610
27615
27616
27634
27674
27675
27679
27680
29064
29065
29073
29082
29084
29086
29088
29137
29139
30521
30527
30531
30532
30538
30548
30552
30554
30588
30591
30596
30603
30609
30611
30637
31869
32536
33543
33548
33556
33559
33562
34828
34837
34839
34854
34865
34866
34869
34871
34873
34875
34880
34882
34884
34886
34888
34892
34899
35732
36229
36239
36240
36721
36722
36802
37173
37174
37176
37179
37181
37186
37189
37191
37293
37347
37349
37550
37696
37698
37699
37737
37751
38241
38614
38616
38626
38632
39030
39053
39088
39089
39090
39097
39293
39304
39411
39432
39442
40151
40322
41261
41426
42254
42325
42725
42829
43147
43321
43328
43332
43334
43780
48167
48420
48708
48723
48742
48744
48747
48752
48850
48897
50347
51337
51338
52231
52407
53275
54133
54137
54181
54602
55048
55149
55152
55782
56798
57486
57737
59515
59517
59523
59525
59528
59529
59531
59534
59536
59538
59542
59544
59552
59554
59555
60710
60711
60712
61384
61452
61621
61622
61852
61853
61862
61871
61880
61882
62275
62295
62698
63221
63824
65632
65634
66062
66063
66434
66437
66440
66442
66444
67940
68408
68412
68415
68730
69297
69298
69299
69300
69301
69302
69303
69304
69306
69307
69311
70738
71854
72540
72542
72543
72544
72545
73337
73815
73823
74864
75566
75569
76720
78451
78866
79784
80419
81936
82174
82464
83386
83653
84701
84702
86973
87289
88029
89462
89632
90758
92062
92651
92866
93163
94117
94398
94961
95912
97360
97363
99490
100899
100937
101849
102233
103583
103584
103592
103596
103600
105295
105297
106106
109296
109298
112503
118797
119562
120088
122246
126282
127582
129222
129223
129225
129227
129228
129230
129231
129246
129247
130825
134510
134600
139309
140016
143292
143302
143942
146132
146133
146136
150090
151525
157668
157669
159859
160595
161921
161930
162630
162956
163861
164324
164528
164648
169756
170207
174599
175809
182669
183721
185453
186990
187021
190504
191034
191382
191871
198627
202257
202457
204267
208091
213657
214933
217708
221128
222863
223998
224329
225401
230833
246881
248133
253258
254704
255217
255365
256803
258930
261741
262110
262111
271260
273791
300163
300877
302098
303930
310261
310352
311220
311338
329627
330465
332176
337453
344753
344906
349709
349711
359030
371035
373033
379532
399782
411875
419612
424585
439323
441215
443256
452646
472238
472760
481707
482537
501781
537919
551196
554455
561742
575527
577681
666915
682059
693431
741158
754351
756882
798166
859983
867370
867383
907741
907742
977878
1026970
1027716
1027983
1027994
1042121
1077283
1088028
1088030
1088033
1088058
1088059
1088090
1088129
1088130
1088131
1088686
1194332
1194333
1194334
1194335
1194336
1203030
1267572
1328070
